function [C,Ceq]=E03_NONLCON(x)
C(1)=x(1)-400;
C(2)=1.1*x(1)+x(2)-440;
C(3)=1.21*x(1)+1.1*x(2)+x(3)-484;
C(4)=1.331*x(1)+1.21*x(2)+1.1*x(3)+x(4)-532.4;
Ceq=0;